Number of Pulses: 50
Initial Voltage Duration (ms): 1000
Initial Voltage (V):-2.000000E+0
Read Voltage (V):50.000000E-3
ON Voltage (V):2.000000E+0
tON (ms):1
OFF Voltage (V):0.000000E+0
tOFF (ms):100
tWait (ms):100
Temperature (K): 449.100000E+0
Time stamp (s), Voltage (V), Current (A), Voltage (V), Current (A),Resistance (Ohm)
2.3909997940063E+0,-2.000000E+0,-001.413E-03,,,1.415428E+3
2.4070000648499E+0,0.000000E+0,-000.001E-03,,,0.000000E+0
5.0939998626709E+0,5.000000E-2,2.437500E-8,-5.000000E-2,-2.107300E-8,2.200317E+6
5.5939998626709E+0,2.000000E+0,+001.817E-03,,,1.100715E+3
5.6100001335144E+0,0.000000E+0,-000.001E-03,,,0.000000E+0
8.2969999313354E+0,5.000000E-2,2.437500E-8,-5.000000E-2,-2.107300E-8,2.040192E+6
8.7969999313354E+0,2.000000E+0,+001.836E-03,,,1.089325E+3
8.8129997253418E+0,0.000000E+0,-000.001E-03,,,0.000000E+0
1.1515999794006E+1,5.000000E-2,2.613900E-8,-5.000000E-2,-2.287600E-8,2.014789E+6
1.2015999794006E+1,2.000000E+0,+001.849E-03,,,1.081666E+3
1.2015999794006E+1,0.000000E+0,-000.001E-03,,,0.000000E+0
1.4718999862671E+1,5.000000E-2,2.628200E-8,-5.000000E-2,-2.335100E-8,1.980237E+6
1.5218999862671E+1,2.000000E+0,+001.862E-03,,,1.074114E+3
1.5235000133514E+1,0.000000E+0,-000.001E-03,,,0.000000E+0
1.7921999931335E+1,5.000000E-2,2.687500E-8,-5.000000E-2,-2.362400E-8,1.992230E+6
1.8421999931335E+1,2.000000E+0,+001.868E-03,,,1.070664E+3
1.8437999725342E+1,0.000000E+0,-000.001E-03,,,0.000000E+0
2.1125000000000E+1,5.000000E-2,2.676000E-8,-5.000000E-2,-2.343500E-8,1.991080E+6
2.1625000000000E+1,2.000000E+0,+001.875E-03,,,1.066667E+3
2.1640999794006E+1,0.000000E+0,-000.001E-03,,,0.000000E+0
2.4328999996185E+1,5.000000E-2,2.683800E-8,-5.000000E-2,-2.338600E-8,1.966104E+6
2.4828999996185E+1,2.000000E+0,+001.875E-03,,,1.066667E+3
2.4843999862671E+1,0.000000E+0,-000.001E-03,,,0.000000E+0
2.7532000064850E+1,5.000000E-2,2.727400E-8,-5.000000E-2,-2.358800E-8,1.965988E+6
2.8032000064850E+1,2.000000E+0,+001.875E-03,,,1.066667E+3
2.8046999931335E+1,0.000000E+0,-000.001E-03,,,0.000000E+0
3.0735000133514E+1,5.000000E-2,2.721600E-8,-5.000000E-2,-2.364900E-8,1.986452E+6
3.1235000133514E+1,2.000000E+0,+001.881E-03,,,1.063264E+3
3.1250000000000E+1,0.000000E+0,-000.001E-03,,,0.000000E+0
3.3937999725342E+1,5.000000E-2,2.704600E-8,-5.000000E-2,-2.329500E-8,1.983379E+6
3.4437999725342E+1,2.000000E+0,+001.888E-03,,,1.059322E+3
3.4453999996185E+1,0.000000E+0,-000.001E-03,,,0.000000E+0
3.7140999794006E+1,5.000000E-2,2.695500E-8,-5.000000E-2,-2.346400E-8,1.964598E+6
3.7640999794006E+1,2.000000E+0,+001.888E-03,,,1.059322E+3
3.7657000064850E+1,0.000000E+0,-000.001E-03,,,0.000000E+0
4.0343999862671E+1,5.000000E-2,2.703600E-8,-5.000000E-2,-2.386500E-8,1.955569E+6
4.0843999862671E+1,2.000000E+0,+001.888E-03,,,1.059322E+3
4.0860000133514E+1,0.000000E+0,-000.001E-03,,,0.000000E+0
4.3546999931335E+1,5.000000E-2,2.738700E-8,-5.000000E-2,-2.374900E-8,1.963556E+6
4.4062999725342E+1,2.000000E+0,+001.888E-03,,,1.059322E+3
4.4078999996185E+1,0.000000E+0,-000.001E-03,,,0.000000E+0
4.6765999794006E+1,5.000000E-2,2.724700E-8,-5.000000E-2,-2.368100E-8,1.938510E+6
4.7265999794006E+1,2.000000E+0,+001.894E-03,,,1.055966E+3
4.7282000064850E+1,0.000000E+0,-000.001E-03,,,0.000000E+0
4.9968999862671E+1,5.000000E-2,2.749200E-8,-5.000000E-2,-2.409400E-8,1.934423E+6
5.0468999862671E+1,2.000000E+0,+001.901E-03,,,1.052078E+3
5.0485000133514E+1,0.000000E+0,-000.001E-03,,,0.000000E+0
5.3157000064850E+1,5.000000E-2,2.757000E-8,-5.000000E-2,-2.412500E-8,1.921119E+6
5.3671999931335E+1,2.000000E+0,+001.901E-03,,,1.052078E+3
5.3671999931335E+1,0.000000E+0,-000.001E-03,,,0.000000E+0
5.6375000000000E+1,5.000000E-2,2.767100E-8,-5.000000E-2,-2.438200E-8,1.957254E+6
5.6875000000000E+1,2.000000E+0,+001.901E-03,,,1.052078E+3
5.6890999794006E+1,0.000000E+0,-000.001E-03,,,0.000000E+0
5.9578999996185E+1,5.000000E-2,2.723100E-8,-5.000000E-2,-2.386100E-8,1.931733E+6
6.0078999996185E+1,2.000000E+0,+001.907E-03,,,1.048768E+3
6.0093999862671E+1,0.000000E+0,-000.001E-03,,,0.000000E+0
6.2782000064850E+1,5.000000E-2,2.743900E-8,-5.000000E-2,-2.432800E-8,1.878958E+6
6.3282000064850E+1,2.000000E+0,+001.907E-03,,,1.048768E+3
6.3296999931335E+1,0.000000E+0,-000.001E-03,,,0.000000E+0
6.5985000133514E+1,5.000000E-2,2.826300E-8,-5.000000E-2,-2.495800E-8,1.929012E+6
6.6485000133514E+1,2.000000E+0,+001.907E-03,,,1.048768E+3
6.6500000000000E+1,0.000000E+0,-000.001E-03,,,0.000000E+0
6.9187999725342E+1,5.000000E-2,2.749000E-8,-5.000000E-2,-2.435000E-8,1.921599E+6
6.9687999725342E+1,2.000000E+0,+001.913E-03,,,1.045478E+3
6.9703999996185E+1,0.000000E+0,-000.001E-03,,,0.000000E+0
7.2390999794006E+1,5.000000E-2,2.774000E-8,-5.000000E-2,-2.430000E-8,1.920713E+6
7.2890999794006E+1,2.000000E+0,+001.913E-03,,,1.045478E+3
7.2907000064850E+1,0.000000E+0,-000.001E-03,,,0.000000E+0
7.5593999862671E+1,5.000000E-2,2.762400E-8,-5.000000E-2,-2.444000E-8,1.916774E+6
7.6110000133514E+1,2.000000E+0,+001.920E-03,,,1.041667E+3
7.6125000000000E+1,0.000000E+0,-000.001E-03,,,0.000000E+0
7.8796999931335E+1,5.000000E-2,2.779700E-8,-5.000000E-2,-2.437400E-8,1.900852E+6
7.9312999725342E+1,2.000000E+0,+001.920E-03,,,1.041667E+3
7.9328999996185E+1,0.000000E+0,-000.001E-03,,,0.000000E+0
8.2015999794006E+1,5.000000E-2,2.783400E-8,-5.000000E-2,-2.477400E-8,1.907669E+6
8.2515999794006E+1,2.000000E+0,+001.920E-03,,,1.041667E+3
8.2532000064850E+1,0.000000E+0,-000.001E-03,,,0.000000E+0
8.5218999862671E+1,5.000000E-2,2.770800E-8,-5.000000E-2,-2.471200E-8,1.919975E+6
8.5718999862671E+1,2.000000E+0,+001.920E-03,,,1.041667E+3
8.5735000133514E+1,0.000000E+0,-000.001E-03,,,0.000000E+0
8.8421999931335E+1,5.000000E-2,2.760500E-8,-5.000000E-2,-2.447900E-8,1.912375E+6
8.8921999931335E+1,2.000000E+0,+001.926E-03,,,1.038422E+3
8.8937999725342E+1,0.000000E+0,-000.001E-03,,,0.000000E+0
9.1625000000000E+1,5.000000E-2,2.751300E-8,-5.000000E-2,-2.477800E-8,1.939112E+6
9.2125000000000E+1,2.000000E+0,+001.920E-03,,,1.041667E+3
9.2157000064850E+1,0.000000E+0,-000.001E-03,,,0.000000E+0
9.4843999862671E+1,5.000000E-2,2.736100E-8,-5.000000E-2,-2.420900E-8,1.928975E+6
9.5343999862671E+1,2.000000E+0,+001.920E-03,,,1.041667E+3
9.5360000133514E+1,0.000000E+0,-000.001E-03,,,0.000000E+0
9.8046999931335E+1,5.000000E-2,2.762100E-8,-5.000000E-2,-2.422000E-8,1.943446E+6
9.8546999931335E+1,2.000000E+0,+001.926E-03,,,1.038422E+3
9.8562999725342E+1,0.000000E+0,-000.001E-03,,,0.000000E+0
1.0125000000000E+2,5.000000E-2,2.725200E-8,-5.000000E-2,-2.420300E-8,1.924668E+6
1.0176599979401E+2,2.000000E+0,+001.926E-03,,,1.038422E+3
1.0178200006485E+2,0.000000E+0,-000.001E-03,,,0.000000E+0
1.0445399999619E+2,5.000000E-2,2.749500E-8,-5.000000E-2,-2.446200E-8,1.935884E+6
1.0495399999619E+2,2.000000E+0,+001.926E-03,,,1.038422E+3
1.0496899986267E+2,0.000000E+0,-000.001E-03,,,0.000000E+0
1.0767199993134E+2,5.000000E-2,2.747300E-8,-5.000000E-2,-2.418300E-8,1.914169E+6
1.0817199993134E+2,2.000000E+0,+001.933E-03,,,1.034661E+3
1.0818799972534E+2,0.000000E+0,-000.001E-03,,,0.000000E+0
1.1086000013351E+2,5.000000E-2,2.773400E-8,-5.000000E-2,-2.450800E-8,1.948672E+6
1.1136000013351E+2,2.000000E+0,+001.933E-03,,,1.034661E+3
1.1137500000000E+2,0.000000E+0,-000.001E-03,,,0.000000E+0
1.1406299972534E+2,5.000000E-2,2.737700E-8,-5.000000E-2,-2.394000E-8,1.939488E+6
1.1456299972534E+2,2.000000E+0,+001.933E-03,,,1.034661E+3
1.1457899999619E+2,0.000000E+0,-000.001E-03,,,0.000000E+0
1.1726599979401E+2,5.000000E-2,2.742800E-8,-5.000000E-2,-2.413200E-8,1.906978E+6
1.1776599979401E+2,2.000000E+0,+001.933E-03,,,1.034661E+3
1.1778200006485E+2,0.000000E+0,-000.001E-03,,,0.000000E+0
1.2046899986267E+2,5.000000E-2,2.781200E-8,-5.000000E-2,-2.462700E-8,1.923965E+6
1.2096899986267E+2,2.000000E+0,+001.933E-03,,,1.034661E+3
1.2098500013351E+2,0.000000E+0,-000.001E-03,,,0.000000E+0
1.2367199993134E+2,5.000000E-2,2.766400E-8,-5.000000E-2,-2.431200E-8,1.899985E+6
1.2417199993134E+2,2.000000E+0,+001.939E-03,,,1.031460E+3
1.2418799972534E+2,0.000000E+0,-000.001E-03,,,0.000000E+0
1.2687500000000E+2,5.000000E-2,2.784000E-8,-5.000000E-2,-2.479200E-8,1.924557E+6
1.2737500000000E+2,2.000000E+0,+001.939E-03,,,1.031460E+3
1.2739099979401E+2,0.000000E+0,-000.001E-03,,,0.000000E+0
1.3007899999619E+2,5.000000E-2,2.726900E-8,-5.000000E-2,-2.469100E-8,1.916884E+6
1.3057899999619E+2,2.000000E+0,+001.939E-03,,,1.031460E+3
1.3059399986267E+2,0.000000E+0,-000.001E-03,,,0.000000E+0
1.3328200006485E+2,5.000000E-2,2.781200E-8,-5.000000E-2,-2.435600E-8,1.920713E+6
1.3378200006485E+2,2.000000E+0,+001.939E-03,,,1.031460E+3
1.3379699993134E+2,0.000000E+0,-000.001E-03,,,0.000000E+0
1.3648500013351E+2,5.000000E-2,2.760700E-8,-5.000000E-2,-2.445700E-8,1.902153E+6
1.3698500013351E+2,2.000000E+0,+001.939E-03,,,1.031460E+3
1.3700000000000E+2,0.000000E+0,-000.001E-03,,,0.000000E+0
1.3970399999619E+2,5.000000E-2,2.770700E-8,-5.000000E-2,-2.486500E-8,1.912887E+6
1.4020399999619E+2,2.000000E+0,+001.939E-03,,,1.031460E+3
1.4021899986267E+2,0.000000E+0,-000.001E-03,,,0.000000E+0
1.4290700006485E+2,5.000000E-2,2.744600E-8,-5.000000E-2,-2.483100E-8,1.909600E+6
1.4340700006485E+2,2.000000E+0,+001.939E-03,,,1.031460E+3
1.4342199993134E+2,0.000000E+0,-000.001E-03,,,0.000000E+0
1.4609399986267E+2,5.000000E-2,2.783300E-8,-5.000000E-2,-2.453400E-8,1.906869E+6
1.4661000013351E+2,2.000000E+0,+001.939E-03,,,1.031460E+3
1.4662500000000E+2,0.000000E+0,-000.001E-03,,,0.000000E+0
1.4931299972534E+2,5.000000E-2,2.766100E-8,-5.000000E-2,-2.478100E-8,1.898975E+6
1.4981299972534E+2,2.000000E+0,+001.939E-03,,,1.031460E+3
1.4982899999619E+2,0.000000E+0,-000.001E-03,,,0.000000E+0
1.5251599979401E+2,5.000000E-2,2.786700E-8,-5.000000E-2,-2.479300E-8,1.903928E+6
1.5301599979401E+2,2.000000E+0,+001.946E-03,,,1.027749E+3
1.5303200006485E+2,0.000000E+0,-000.001E-03,,,0.000000E+0
1.5575000000000E+2,5.000000E-2,2.799200E-8,-5.000000E-2,-2.453100E-8,1.897785E+6
1.5625000000000E+2,2.000000E+0,+001.946E-03,,,1.027749E+3
1.5625000000000E+2,0.000000E+0,-000.001E-03,,,0.000000E+0
1.5895399999619E+2,5.000000E-2,2.787300E-8,-5.000000E-2,-2.482000E-8,1.892792E+6
1.5945399999619E+2,2.000000E+0,+001.946E-03,,,1.027749E+3
1.5946899986267E+2,0.000000E+0,-000.001E-03,,,0.000000E+0
1.6215700006485E+2,5.000000E-2,2.799800E-8,-5.000000E-2,-2.483400E-8,1.896741E+6
1.6267199993134E+2,2.000000E+0,+001.952E-03,,,1.024590E+3
1.6268799972534E+2,0.000000E+0,-000.001E-03,,,0.000000E+0
1.6537500000000E+2,5.000000E-2,2.796200E-8,-5.000000E-2,-2.476000E-8,1.921340E+6
